	AVG	MIN	MAX
0	-38181	-49025	-3733
1	-43494	-48898	-25728
2	-44735	-49811	-39084
3	-45960	-51330	-40940
4	-47009	-52097	-41771
5	-48316	-52242	-41750
6	-48598	-55647	-42803
7	-49330	-54309	-42982
8	-50531	-55813	-43842
9	-51690	-55924	-47378
10	-52419	-56419	-46598
11	-53425	-57424	-49618
12	-54021	-56754	-49364
13	-54776	-57039	-51152
14	-54955	-58528	-50927
15	-55339	-58528	-50174
16	-55634	-59124	-51084
17	-55965	-59690	-51185
18	-56364	-59690	-51566
19	-57023	-60052	-53646
20	-57502	-59789	-52156
21	-58005	-59830	-53081
22	-58730	-60379	-55441
23	-58871	-60591	-55989
24	-59094	-60683	-56149
25	-59740	-60873	-58108
26	-59880	-61240	-56069
27	-60118	-61375	-57729
28	-60314	-61577	-57678
29	-60416	-61982	-57448
30	-60233	-61826	-57890
31	-60555	-61826	-57589
32	-60528	-61758	-55761
33	-60666	-62062	-57968
34	-60727	-62444	-57163
35	-60965	-62596	-58158
36	-61372	-62967	-57336
37	-61549	-63114	-59461
38	-61789	-63114	-59782
39	-61808	-63114	-58944
40	-62117	-63114	-59789
41	-62117	-63459	-58261
42	-62267	-63579	-59860
43	-62255	-63640	-58487
44	-62405	-63579	-59859
45	-62759	-63697	-58884
46	-62924	-64012	-59789
47	-63288	-63960	-61383
48	-63614	-64324	-62002
49	-63705	-64324	-62288
50	-63779	-64460	-62230
51	-63810	-64460	-62199
52	-63923	-64460	-62659
53	-64051	-64627	-62659
54	-64187	-64637	-62469
55	-64193	-64637	-60573
56	-64335	-64703	-62934
57	-64496	-64703	-63244
58	-64593	-64703	-64264
59	-64611	-64703	-63099
60	-64631	-64703	-63598
61	-64660	-64703	-64303
62	-64590	-64703	-61728
63	-64696	-64703	-64637
64	-64703	-64703	-64703
65	-64687	-64703	-63167
66	-64703	-64703	-64703
67	-64703	-64703	-64703
68	-64669	-64703	-61290
69	-64691	-64703	-63407
70	-64703	-64703	-64703
71	-64699	-64703	-64280
72	-64665	-64703	-62519
73	-64684	-64703	-62858
74	-64703	-64703	-64703
75	-64724	-64761	-64703
76	-64762	-64857	-64761
77	-64853	-64857	-64458
78	-64831	-64915	-62161
79	-64858	-64915	-64857
80	-64640	-64915	-63998
81	-64852	-64915	-62836
82	-64887	-64915	-62709
83	-64902	-64915	-63615
84	-64923	-65682	-64915
85	-64914	-65682	-63607
86	-65664	-66065	-63585
87	-65629	-65682	-62079
88	-65635	-65682	-63696
89	-65640	-65682	-62613
90	-65606	-65682	-62928
91	-65680	-65683	-65489
92	-65605	-65683	-60449
93	-65679	-65833	-65293
94	-65641	-65899	-64018
95	-65685	-65899	-64764
96	-65649	-65899	-64406
97	-65721	-65899	-64407
98	-65733	-65899	-64018
99	-65769	-65899	-64201
