	AVG	MIN	MAX
0	-36792	-50490	-7710
1	-46921	-51713	-40560
2	-49334	-53405	-44434
3	-51430	-54624	-45793
4	-52858	-55960	-46315
5	-53897	-57321	-48961
6	-55495	-57476	-52406
7	-57069	-57579	-54947
8	-57479	-57593	-56446
9	-57504	-57702	-56180
10	-57469	-57769	-55359
11	-57670	-57769	-56240
12	-57675	-57769	-51026
13	-57727	-57769	-54468
14	-57759	-57769	-56700
15	-57769	-57769	-57769
16	-57767	-58151	-57190
17	-57788	-58151	-57769
18	-57769	-58833	-56124
19	-57996	-59215	-55023
20	-58770	-59495	-57030
21	-59351	-59669	-58434
22	-59496	-59669	-58631
23	-59526	-59669	-57381
24	-59669	-59669	-59669
25	-59637	-60072	-56070
26	-59699	-60072	-59247
27	-59933	-60154	-59640
28	-60080	-60154	-60072
29	-60110	-60370	-58333
30	-60199	-60370	-59133
31	-60345	-60370	-58285
32	-60348	-60370	-59260
33	-60370	-60370	-60357
34	-60333	-60370	-57284
35	-60343	-60370	-57714
36	-60359	-60370	-59252
37	-60370	-60370	-60370
38	-60331	-60370	-58405
39	-60352	-60370	-58575
40	-60361	-60904	-58944
41	-60396	-61060	-58557
42	-60634	-61060	-58557
43	-60988	-61060	-59700
44	-61056	-61060	-60608
45	-61030	-61060	-57993
46	-61071	-62145	-61060
47	-61066	-62145	-58515
48	-61330	-62275	-58591
49	-62057	-62275	-60683
50	-62257	-62275	-61400
51	-62262	-62275	-61262
52	-62271	-62378	-61790
53	-62273	-62378	-61209
54	-62277	-62378	-60630
55	-62378	-62378	-62378
56	-62378	-62378	-62378
57	-62378	-62378	-62378
58	-62357	-62378	-60243
59	-62346	-62378	-60798
60	-62378	-62378	-62378
61	-62340	-62378	-58576
62	-62378	-62378	-62378
63	-62350	-62378	-59964
64	-62353	-62525	-60696
65	-62365	-63023	-61075
66	-62470	-63033	-61505
67	-62963	-63098	-61075
68	-63010	-63130	-62261
69	-63070	-63438	-62040
70	-63085	-63573	-60865
71	-63416	-63606	-62514
72	-63535	-63606	-63438
73	-63602	-63606	-63573
74	-63569	-63606	-59912
75	-63606	-63606	-63606
76	-63610	-64029	-63606
77	-63595	-64160	-62176
78	-63522	-64160	-61907
79	-63992	-64160	-61275
80	-64138	-64160	-62039
81	-64162	-64403	-64160
82	-64039	-64403	-62154
83	-64192	-64403	-62229
84	-64402	-64403	-64360
85	-64403	-64403	-64403
86	-64345	-64403	-62216
87	-64381	-64403	-62229
88	-64403	-64403	-64403
89	-64402	-64403	-64355
90	-64403	-64403	-64403
91	-64371	-64403	-61168
92	-64403	-64403	-64403
93	-64382	-64403	-62494
94	-64403	-64403	-64403
95	-64403	-64403	-64403
96	-64355	-64403	-61899
97	-64390	-64403	-63105
98	-64367	-64403	-63246
99	-64380	-64403	-62096
