	AVG	MIN	MAX
0	-38182	-49653	-12148
1	-43388	-52438	-19496
2	-45087	-54508	-16227
3	-46299	-54283	-39563
4	-47848	-54494	-41132
5	-49533	-55130	-40883
6	-50679	-55130	-42982
7	-51585	-55474	-44954
8	-52451	-56347	-44361
9	-52540	-56417	-45473
10	-53239	-58038	-49482
11	-53397	-58038	-49404
12	-54023	-57433	-50722
13	-54389	-58038	-48749
14	-54643	-58572	-50164
15	-54979	-58991	-49506
16	-55177	-59356	-49304
17	-55254	-61342	-49393
18	-55639	-60013	-47071
19	-56185	-59300	-50645
20	-56626	-60551	-51218
21	-57075	-60095	-53127
22	-57173	-60108	-51450
23	-57714	-60272	-52430
24	-58015	-60272	-53176
25	-57736	-60550	-53825
26	-58071	-61411	-52431
27	-58214	-61658	-53175
28	-58555	-61876	-52720
29	-59054	-62290	-52215
30	-59139	-62290	-52658
31	-59397	-62338	-54912
32	-59227	-62030	-53211
33	-60103	-62282	-56197
34	-60284	-62690	-56307
35	-60846	-63213	-56151
36	-60833	-62879	-56918
37	-61332	-63286	-58585
38	-61671	-63286	-57764
39	-61847	-63307	-59176
40	-62177	-63556	-59390
41	-62469	-63641	-56820
42	-62760	-63807	-60434
43	-62910	-63883	-59716
44	-63097	-63883	-60971
45	-62952	-64006	-58316
46	-63201	-64470	-60683
47	-63225	-64611	-61576
48	-63392	-65244	-60125
49	-63490	-65262	-60909
50	-63731	-65282	-60902
51	-63951	-65568	-61349
52	-64165	-65377	-59631
53	-64246	-65324	-62073
54	-64464	-65467	-62128
55	-64618	-65616	-61653
56	-64873	-66055	-62857
57	-65069	-66267	-61314
58	-65212	-66267	-62966
59	-65344	-66267	-63986
60	-65356	-66267	-62448
61	-65563	-66214	-63997
62	-65721	-66267	-62809
63	-65869	-66267	-63598
64	-65830	-66395	-64146
65	-65869	-66395	-63747
66	-66055	-66395	-64552
67	-66115	-66395	-64694
68	-66168	-66949	-64561
69	-66255	-66949	-64724
70	-66282	-66395	-65456
71	-66326	-66405	-65221
72	-66380	-66405	-65714
73	-66395	-66405	-66318
74	-66381	-66405	-64856
75	-66385	-66632	-65307
76	-66354	-66786	-62540
77	-66374	-66786	-61560
78	-66246	-66786	-62067
79	-66418	-66800	-65268
80	-66457	-66810	-66395
81	-66681	-66810	-66395
82	-66593	-66810	-62056
83	-66794	-66810	-66786
84	-66820	-67784	-66810
85	-67310	-67784	-66255
86	-67749	-67784	-64683
87	-67771	-67784	-66458
88	-67747	-67784	-64054
89	-67781	-67784	-67501
90	-67781	-67784	-67507
91	-67785	-67863	-67784
92	-67176	-67863	-65390
93	-67769	-67863	-65809
94	-67863	-67863	-67863
95	-67863	-67863	-67863
96	-66722	-67863	-63973
97	-67730	-67970	-63219
98	-67822	-68016	-66443
99	-67725	-68016	-63853
