	AVG	MIN	MAX
0	-38656	-50283	-5765
1	-44758	-50283	-33043
2	-46523	-50420	-40568
3	-47810	-54112	-42560
4	-48540	-50420	-45458
5	-49329	-52779	-46039
6	-49910	-53249	-48098
7	-50341	-53249	-45821
8	-50199	-53249	-48403
9	-52106	-53249	-49542
10	-52858	-54245	-46946
11	-52969	-54245	-49329
12	-53175	-54730	-51115
13	-53230	-54460	-50538
14	-53421	-54460	-49206
15	-53609	-54781	-51406
16	-53452	-54781	-51767
17	-53935	-56635	-51456
18	-54638	-56635	-51926
19	-55074	-56635	-52781
20	-55337	-58719	-53103
21	-54686	-58719	-53376
22	-56647	-58719	-54343
23	-56240	-58719	-54619
24	-56502	-58719	-55842
25	-58623	-58719	-56622
26	-57519	-58719	-53501
27	-58636	-58719	-57346
28	-58719	-58719	-58719
29	-57921	-58719	-57769
30	-58686	-58719	-57901
31	-57972	-58719	-52496
32	-58697	-58719	-58364
33	-58642	-58719	-56153
34	-58719	-58719	-58719
35	-58719	-58719	-58719
36	-58223	-58719	-58155
37	-58697	-58908	-57744
38	-58772	-58908	-57898
39	-58569	-58908	-56923
40	-58639	-58908	-56850
41	-58406	-58719	-56330
42	-58642	-59051	-57292
43	-58701	-59051	-57131
44	-58728	-59051	-57557
45	-57804	-59402	-55937
46	-58724	-59402	-56904
47	-58904	-59402	-57610
48	-59027	-59402	-57426
49	-59217	-59402	-58398
50	-59536	-59863	-56318
51	-58711	-59863	-58340
52	-59573	-59863	-58013
53	-59491	-59863	-58085
54	-59839	-59863	-59402
55	-59706	-59863	-58739
56	-59400	-59863	-56000
57	-59863	-59863	-59863
58	-58427	-59863	-58212
59	-59743	-59863	-58362
60	-59855	-59905	-59105
61	-59196	-59905	-54816
62	-59554	-59905	-57558
63	-59631	-59967	-57873
64	-59673	-59967	-57558
65	-59826	-59967	-56988
66	-59811	-60117	-59049
67	-59946	-60191	-59135
68	-59751	-60191	-58589
69	-59967	-60191	-59277
70	-59993	-60465	-55161
71	-60113	-60973	-58489
72	-60137	-60973	-58205
73	-60192	-60973	-59160
74	-60163	-60973	-58399
75	-59857	-60973	-57870
76	-59714	-60973	-57596
77	-60609	-61131	-58623
78	-60830	-61131	-57740
79	-60465	-61131	-57431
80	-60645	-61380	-58592
81	-60474	-61131	-59299
82	-60700	-61197	-58990
83	-60846	-61197	-60025
84	-61020	-61197	-60183
85	-61123	-61197	-60973
86	-60866	-61197	-58427
87	-60863	-61197	-60384
88	-61024	-61197	-60580
89	-61164	-61197	-61131
90	-61197	-61197	-61180
91	-61197	-61197	-61197
92	-60470	-61197	-60371
93	-61185	-61197	-61022
94	-61197	-61197	-61197
95	-61197	-61197	-61197
96	-61197	-61197	-61197
97	-61200	-61460	-61197
98	-58246	-61460	-58004
99	-61393	-61460	-60623
