	AVG	MIN	MAX
0	-37531	-51044	-3017
1	-45320	-51044	-30864
2	-48468	-52865	-40168
3	-50407	-52865	-42593
4	-51837	-52979	-48069
5	-52793	-52979	-50834
6	-52546	-52979	-51689
7	-52840	-52979	-52348
8	-53023	-53120	-51720
9	-53120	-53120	-53120
10	-52526	-53120	-52339
11	-52948	-53120	-52339
12	-53126	-53722	-52966
13	-53174	-53722	-53120
14	-53663	-54340	-53120
15	-54291	-54340	-53120
16	-54309	-54340	-53559
17	-55065	-55270	-54340
18	-55270	-55270	-55270
19	-55270	-55270	-55270
20	-54518	-55270	-54293
21	-54962	-55270	-54293
22	-55270	-55270	-55253
23	-55270	-55270	-55270
24	-54854	-55270	-53290
25	-55276	-55347	-55270
26	-55295	-55347	-55106
27	-55328	-55347	-55059
28	-55009	-56061	-54887
29	-55257	-56061	-54148
30	-55391	-56061	-54434
31	-55707	-56061	-53367
32	-54112	-56061	-53648
33	-55307	-56061	-53034
34	-55951	-56061	-55639
35	-56016	-56061	-55556
36	-56015	-56264	-55316
37	-56084	-56264	-55516
38	-56141	-56264	-54579
39	-55645	-56264	-54009
40	-56098	-56264	-55448
41	-56230	-56475	-55018
42	-55767	-56475	-55309
43	-56231	-56652	-54299
44	-56501	-57135	-55519
45	-56949	-58547	-56229
46	-56161	-58547	-55933
47	-56813	-58547	-55930
48	-57776	-58547	-56133
49	-58498	-58547	-57135
50	-58547	-58547	-58547
51	-58187	-58764	-57837
52	-58627	-59102	-57837
53	-58327	-59102	-57168
54	-58035	-59943	-56300
55	-59071	-59943	-58547
56	-58474	-59943	-57818
57	-59472	-59943	-55688
58	-59974	-59983	-59943
59	-59983	-59983	-59983
60	-59851	-59983	-58595
61	-59923	-60141	-58217
62	-59882	-60141	-58361
63	-59778	-60141	-59066
64	-60010	-60205	-59090
65	-58802	-60205	-57828
66	-59512	-60205	-57828
67	-60104	-60205	-59580
68	-59943	-60871	-56846
69	-60657	-60871	-60205
70	-57943	-60871	-57117
71	-59594	-60871	-56523
72	-60807	-60871	-57669
73	-60848	-60871	-59745
74	-60871	-60871	-60871
75	-60856	-60871	-59392
76	-60263	-60871	-57565
77	-60871	-60871	-60871
78	-60395	-60871	-57869
79	-60596	-60871	-57863
80	-60871	-60871	-60871
81	-60850	-60871	-60441
82	-60867	-60871	-60663
83	-60871	-60871	-60871
84	-60687	-60871	-57800
85	-60814	-60871	-60237
86	-60871	-60871	-60871
87	-60804	-60871	-60358
88	-60871	-60871	-60871
89	-60474	-60871	-56924
90	-60600	-60871	-58159
91	-60871	-60871	-60871
92	-60852	-60871	-59903
93	-60702	-60871	-59878
94	-60871	-60871	-60871
95	-60871	-60871	-60871
96	-60871	-60871	-60871
97	-60908	-61481	-60871
98	-60929	-61481	-60189
99	-61011	-61481	-58663
