	AVG	MIN	MAX
0	-37647	-50239	-9859
1	-44412	-50569	-27429
2	-45736	-50710	-21577
3	-46717	-51198	-40913
4	-47199	-51875	-41934
5	-48139	-52831	-42307
6	-49328	-55665	-43430
7	-50794	-55665	-44814
8	-51407	-55665	-45327
9	-52010	-57596	-43575
10	-52577	-57596	-47326
11	-52822	-57364	-47125
12	-52969	-56791	-47848
13	-53215	-56791	-47397
14	-53547	-57638	-47392
15	-53960	-57700	-47930
16	-54701	-59482	-51203
17	-54845	-58123	-50602
18	-55248	-58123	-51518
19	-55296	-58375	-50743
20	-56024	-60288	-49688
21	-56560	-60288	-52967
22	-56841	-60288	-52580
23	-57316	-60934	-53162
24	-58062	-60934	-53422
25	-58014	-60934	-54013
26	-58237	-61405	-50721
27	-58448	-61405	-52497
28	-58685	-61405	-54707
29	-59077	-62329	-54317
30	-59179	-61405	-56106
31	-59732	-61527	-56135
32	-59869	-62757	-55141
33	-60359	-62395	-56707
34	-60755	-62395	-55985
35	-60835	-62501	-58225
36	-61169	-62555	-58473
37	-61257	-62452	-56079
38	-61272	-63212	-57204
39	-61464	-63820	-59040
40	-61521	-63820	-58716
41	-61507	-63820	-58764
42	-61730	-64069	-58675
43	-61892	-65030	-58511
44	-62318	-65030	-58776
45	-62583	-65184	-58482
46	-62823	-65047	-59527
47	-62954	-65047	-59256
48	-63293	-65047	-60184
49	-63714	-65234	-61013
50	-64017	-65411	-60711
51	-64215	-66046	-61175
52	-64615	-65917	-61594
53	-64882	-66271	-61877
54	-65157	-66271	-61537
55	-65430	-66518	-62985
56	-65602	-67034	-63244
57	-65912	-67200	-62943
58	-66091	-67323	-63204
59	-66431	-67399	-64251
60	-66514	-67323	-63823
61	-66628	-67476	-62000
62	-66788	-67433	-63835
63	-66933	-67433	-63319
64	-67071	-67353	-65365
65	-67209	-67614	-65231
66	-67270	-67614	-65680
67	-67158	-67645	-64370
68	-67160	-67678	-64699
69	-67246	-67678	-64390
70	-67366	-67678	-65017
71	-67527	-67678	-64608
72	-67626	-67689	-66697
73	-67656	-67678	-67184
74	-67561	-67678	-65241
75	-67670	-67678	-67418
76	-67628	-67678	-65946
77	-67623	-67678	-65354
78	-67642	-67678	-64134
79	-67678	-67678	-67678
80	-66717	-67678	-64622
81	-67678	-67678	-67678
82	-67199	-67678	-65761
83	-67678	-67678	-67678
84	-67669	-67678	-66807
85	-67599	-67678	-64409
86	-67676	-67678	-67466
87	-67669	-67678	-66780
88	-67656	-67678	-65476
89	-67664	-67678	-66335
90	-67678	-67678	-67678
91	-67678	-67678	-67678
92	-67678	-67678	-67678
93	-67647	-67678	-64622
94	-67678	-67678	-67678
95	-66605	-67678	-64156
96	-67678	-67678	-67678
97	-67147	-67678	-66162
98	-67678	-67678	-67678
99	-67678	-67678	-67678
