	AVG	MIN	MAX
0	-36357	-49154	-4201
1	-42047	-49903	-7847
2	-44886	-49903	-20483
3	-46308	-52793	-39626
4	-47561	-52414	-40674
5	-47941	-53442	-42523
6	-48924	-53924	-43585
7	-49942	-53580	-43293
8	-50776	-54189	-45327
9	-51462	-54981	-46245
10	-51959	-55170	-44868
11	-52234	-55101	-46257
12	-52822	-56661	-46996
13	-53148	-56921	-47974
14	-53471	-57891	-46673
15	-53844	-57891	-48945
16	-54146	-57278	-50092
17	-54457	-58528	-49582
18	-55066	-58528	-47737
19	-55610	-59275	-50872
20	-55909	-58860	-51246
21	-56170	-58860	-51451
22	-55901	-58860	-49519
23	-56509	-59678	-51185
24	-56882	-59833	-49541
25	-57309	-61332	-54240
26	-57679	-61896	-52745
27	-58269	-61896	-54456
28	-58750	-61896	-55687
29	-59111	-61896	-56162
30	-59223	-61958	-56756
31	-59733	-61958	-56632
32	-59904	-62138	-55848
33	-60134	-62488	-56449
34	-60734	-62546	-55784
35	-61108	-62659	-57840
36	-61015	-63243	-57482
37	-61618	-63637	-58144
38	-61799	-63693	-58968
39	-62149	-64031	-60154
40	-62309	-64147	-59136
41	-62522	-64147	-59728
42	-62763	-64022	-59945
43	-63093	-64178	-59984
44	-63230	-64325	-59877
45	-63410	-64325	-61598
46	-63654	-64485	-62272
47	-63813	-64485	-62530
48	-63809	-64485	-62012
49	-63791	-65027	-61075
50	-63935	-65027	-59785
51	-64146	-65027	-62478
52	-64215	-65027	-61918
53	-64329	-65027	-61688
54	-64477	-65027	-60997
55	-64500	-65027	-62969
56	-64733	-65049	-63664
57	-64852	-65027	-62408
58	-64955	-65092	-64115
59	-65009	-65092	-64008
60	-65033	-65092	-65027
61	-65089	-65092	-65059
62	-65092	-65092	-65092
63	-65086	-65092	-64478
64	-65092	-65092	-65092
65	-65092	-65092	-65092
66	-64852	-65092	-63444
67	-64995	-65092	-62388
68	-65045	-65092	-61707
69	-65087	-65207	-64446
70	-65086	-65207	-64358
71	-65059	-65358	-63890
72	-65045	-65358	-64064
73	-65026	-65358	-62956
74	-65064	-65699	-62791
75	-64946	-65699	-63414
76	-64983	-65490	-62107
77	-65112	-65488	-62970
78	-65101	-65490	-59847
79	-65200	-65490	-62914
80	-65305	-65490	-64285
81	-65298	-65490	-62631
82	-65420	-65490	-63908
83	-65399	-65490	-63612
84	-65486	-65490	-65398
85	-65490	-65490	-65490
86	-65458	-65490	-62307
87	-65485	-65490	-65068
88	-65471	-65490	-64544
89	-65454	-65490	-62794
90	-65478	-65490	-64288
91	-65490	-65490	-65490
92	-65477	-65490	-64236
93	-65483	-65490	-64848
94	-65452	-65490	-63206
95	-65459	-65490	-62451
96	-65457	-65490	-62230
97	-65490	-65490	-65490
98	-65100	-65531	-64191
99	-65419	-65531	-63590
